agency_cd	site_no	datetime	113422_62614_32400	113422_62614_32400_cd
5s	15s	20d	14n	10s
USGS	14087520	2013-01-01	1941.95	A
USGS	14087520	2013-01-02	1941.86	A
USGS	14087520	2013-01-03	1941.98	A
USGS	14087520	2013-01-04	1941.76	A
USGS	14087520	2013-01-05	1941.93	A
USGS	14087520	2013-01-06	1942.06	A
USGS	14087520	2013-01-07	1941.84	A
USGS	14087520	2013-01-08	1941.65	A
USGS	14087520	2013-01-09	1941.54	A
USGS	14087520	2013-01-10	1941.32	A
USGS	14087520	2013-01-11	1941.11	A
USGS	14087520	2013-01-12	1941.30	A
USGS	14087520	2013-01-13	1941.34	A
USGS	14087520	2013-01-14	1941.28	A
USGS	14087520	2013-01-15	1941.27	A
USGS	14087520	2013-01-16	1941.27	A
USGS	14087520	2013-01-17	1941.08	A
USGS	14087520	2013-01-18	1941.08	A
USGS	14087520	2013-01-19	1940.76	A
USGS	14087520	2013-01-20	1940.74	A
USGS	14087520	2013-01-21	1940.87	A
USGS	14087520	2013-01-22	1940.81	A
USGS	14087520	2013-01-23	1940.93	A
USGS	14087520	2013-01-24	1940.44	A
USGS	14087520	2013-01-25	1940.31	A
USGS	14087520	2013-01-26	1940.32	A
USGS	14087520	2013-01-27	1940.28	A
USGS	14087520	2013-01-28	1940.30	A
USGS	14087520	2013-01-29	1940.35	A
USGS	14087520	2013-01-30	1940.48	A
USGS	14087520	2013-01-31	1940.43	A
USGS	14087520	2013-02-01	1940.26	A
USGS	14087520	2013-02-02	1940.17	A
USGS	14087520	2013-02-03	1940.39	A
USGS	14087520	2013-02-04	1940.02	A
USGS	14087520	2013-02-05	1939.87	A
USGS	14087520	2013-02-06	1939.94	A
USGS	14087520	2013-02-07	1940.08	A
USGS	14087520	2013-02-08	1940.04	A
USGS	14087520	2013-02-09	1940.04	A
USGS	14087520	2013-02-10	1939.98	A
USGS	14087520	2013-02-11	1939.91	A
USGS	14087520	2013-02-12	1939.92	A
USGS	14087520	2013-02-13	1939.89	A
USGS	14087520	2013-02-14	1940.01	A
USGS	14087520	2013-02-15	1940.08	A
USGS	14087520	2013-02-16	1939.99	A
USGS	14087520	2013-02-17	1939.97	A
USGS	14087520	2013-02-18	1940.01	A
USGS	14087520	2013-02-19	1939.99	A
USGS	14087520	2013-02-20	1939.91	A
USGS	14087520	2013-02-21	1939.94	A
USGS	14087520	2013-02-22	1940.09	A
USGS	14087520	2013-02-23	1940.25	A
USGS	14087520	2013-02-24	1940.09	A
USGS	14087520	2013-02-25	1940.12	A
USGS	14087520	2013-02-26	1940.23	A
USGS	14087520	2013-02-27	1940.21	A
USGS	14087520	2013-02-28	1940.18	A
USGS	14087520	2013-03-01	1940.17	A
USGS	14087520	2013-03-02	1940.17	A
USGS	14087520	2013-03-03	1940.23	A
USGS	14087520	2013-03-04	1940.43	A
USGS	14087520	2013-03-05	1940.45	A
USGS	14087520	2013-03-06	1940.65	A
USGS	14087520	2013-03-07	1940.57	A
USGS	14087520	2013-03-08	1940.67	A
USGS	14087520	2013-03-09	1940.63	A
USGS	14087520	2013-03-10	1940.65	A
USGS	14087520	2013-03-11	1940.87	A
USGS	14087520	2013-03-12	1940.73	A
USGS	14087520	2013-03-13	1940.79	A
USGS	14087520	2013-03-14	1940.84	A
USGS	14087520	2013-03-15	1941.06	A
USGS	14087520	2013-03-16	1941.15	A
USGS	14087520	2013-03-17	1941.42	A
USGS	14087520	2013-03-18	1941.56	A
USGS	14087520	2013-03-19	1941.65	A
USGS	14087520	2013-03-20	1941.69	A
USGS	14087520	2013-03-21	1941.89	A
USGS	14087520	2013-03-22	1941.90	A
USGS	14087520	2013-03-23	1942.18	A
USGS	14087520	2013-03-24	1942.37	A
USGS	14087520	2013-03-25	1942.63	A
USGS	14087520	2013-03-26	1942.43	A
USGS	14087520	2013-03-27	1942.30	A
USGS	14087520	2013-03-28	1942.20	A
USGS	14087520	2013-03-29	1942.04	A
USGS	14087520	2013-03-30	1942.11	A
USGS	14087520	2013-03-31	1942.32	A
USGS	14087520	2013-04-01	1942.53	A
USGS	14087520	2013-04-02	1942.71	A
USGS	14087520	2013-04-03	1942.98	A
USGS	14087520	2013-04-04	1943.21	A
USGS	14087520	2013-04-05	1943.56	A
USGS	14087520	2013-04-06	1943.48	A
USGS	14087520	2013-04-07	1943.52	A
USGS	14087520	2013-04-08	1943.53	A
USGS	14087520	2013-04-09	1943.38	A
USGS	14087520	2013-04-10	1943.34	A
USGS	14087520	2013-04-11	1943.43	A
USGS	14087520	2013-04-12	1943.41	A
USGS	14087520	2013-04-13	1943.34	A
USGS	14087520	2013-04-14	1943.58	A
USGS	14087520	2013-04-15	1943.59	A
USGS	14087520	2013-04-16	1943.65	A
USGS	14087520	2013-04-17	1943.83	A
USGS	14087520	2013-04-18	1943.84	A
USGS	14087520	2013-04-19	1943.83	A
USGS	14087520	2013-04-20	1944.00	A
USGS	14087520	2013-04-21	1944.09	A
USGS	14087520	2013-04-22	1944.08	A
USGS	14087520	2013-04-23	1944.24	A
USGS	14087520	2013-04-24	1944.37	A
USGS	14087520	2013-04-25	1944.40	A
USGS	14087520	2013-04-26	1944.55	A
USGS	14087520	2013-04-27	1944.58	A
USGS	14087520	2013-04-28	1944.59	A
USGS	14087520	2013-04-29	1944.45	A
USGS	14087520	2013-04-30	1944.38	A
USGS	14087520	2013-05-01	1944.40	A
USGS	14087520	2013-05-02	1944.41	A
USGS	14087520	2013-05-03	1944.26	A
USGS	14087520	2013-05-04	1944.43	A
USGS	14087520	2013-05-05	1944.45	A
USGS	14087520	2013-05-06	1944.71	A
USGS	14087520	2013-05-07	1944.72	A
USGS	14087520	2013-05-08	1944.54	A
USGS	14087520	2013-05-09	1944.48	A
USGS	14087520	2013-05-10	1944.48	A
USGS	14087520	2013-05-11	1944.49	A
USGS	14087520	2013-05-12	1944.48	A
USGS	14087520	2013-05-13	1944.61	A
USGS	14087520	2013-05-14	1944.59	A
USGS	14087520	2013-05-15	1944.50	A
USGS	14087520	2013-05-16	1944.61	A
USGS	14087520	2013-05-17	1944.61	A
USGS	14087520	2013-05-18	1944.58	A
USGS	14087520	2013-05-19	1944.64	A
USGS	14087520	2013-05-20	1944.52	A
USGS	14087520	2013-05-21	1944.61	A
USGS	14087520	2013-05-22	1944.61	A
USGS	14087520	2013-05-23	1944.45	A
USGS	14087520	2013-05-24	1944.33	A
USGS	14087520	2013-05-25	1944.43	A
USGS	14087520	2013-05-26	1944.48	A
USGS	14087520	2013-05-27	1944.59	A
USGS	14087520	2013-05-28	1944.56	A
USGS	14087520	2013-05-29	1944.70	A
USGS	14087520	2013-05-30	1944.57	A
USGS	14087520	2013-05-31	1944.45	A
USGS	14087520	2013-06-01	1944.49	A
USGS	14087520	2013-06-02	1944.33	A
USGS	14087520	2013-06-03	1944.34	A
USGS	14087520	2013-06-04	1944.38	A
USGS	14087520	2013-06-05	1944.44	A
USGS	14087520	2013-06-06	1944.47	A
USGS	14087520	2013-06-07	1944.48	A
USGS	14087520	2013-06-08	1944.66	A
USGS	14087520	2013-06-09	1944.59	A
USGS	14087520	2013-06-10	1944.53	A
USGS	14087520	2013-06-11	1944.53	A
USGS	14087520	2013-06-12	1944.59	A
USGS	14087520	2013-06-13	1944.63	A
USGS	14087520	2013-06-14	1944.50	A
USGS	14087520	2013-06-15	1944.50	A
USGS	14087520	2013-06-16	1944.40	A
USGS	14087520	2013-06-17	1944.43	A
USGS	14087520	2013-06-18	1944.44	A
USGS	14087520	2013-06-19	1944.36	A
USGS	14087520	2013-06-20	1944.37	A
USGS	14087520	2013-06-21	1944.37	A
USGS	14087520	2013-06-22	1944.35	A
USGS	14087520	2013-06-23	1944.53	A
USGS	14087520	2013-06-24	1944.66	A
USGS	14087520	2013-06-25	1944.60	A
USGS	14087520	2013-06-26	1944.78	A
USGS	14087520	2013-06-27	1944.65	A
USGS	14087520	2013-06-28	1944.73	A
USGS	14087520	2013-06-29	1944.55	A
USGS	14087520	2013-06-30	1944.57	A
USGS	14087520	2013-07-01	1944.65	A
USGS	14087520	2013-07-02	1944.54	A
USGS	14087520	2013-07-03	1944.38	A
USGS	14087520	2013-07-04	1944.60	A
USGS	14087520	2013-07-05	1944.51	A
USGS	14087520	2013-07-06	1944.46	A
USGS	14087520	2013-07-07	1944.66	A
USGS	14087520	2013-07-08	1944.55	A
USGS	14087520	2013-07-09	1944.52	A
USGS	14087520	2013-07-10	1944.62	A
USGS	14087520	2013-07-11	1944.70	A
USGS	14087520	2013-07-12	1944.66	A
USGS	14087520	2013-07-13	1944.64	A
USGS	14087520	2013-07-14	1944.55	A
USGS	14087520	2013-07-15	1944.67	A
USGS	14087520	2013-07-16	1944.54	A
USGS	14087520	2013-07-17	1944.61	A
USGS	14087520	2013-07-18	1944.60	A
USGS	14087520	2013-07-19	1944.61	A
USGS	14087520	2013-07-20	1944.54	A
USGS	14087520	2013-07-21	1944.54	A
USGS	14087520	2013-07-22	1944.47	A
USGS	14087520	2013-07-23	1944.40	A
USGS	14087520	2013-07-24	1944.33	A
USGS	14087520	2013-07-25	1944.56	A
USGS	14087520	2013-07-26	1944.49	A
USGS	14087520	2013-07-27	1944.58	A
USGS	14087520	2013-07-28	1944.51	A
USGS	14087520	2013-07-29	1944.51	A
USGS	14087520	2013-07-30	1944.55	A
USGS	14087520	2013-07-31	1944.55	A
USGS	14087520	2013-08-01	1944.49	A
USGS	14087520	2013-08-02	1944.43	A
USGS	14087520	2013-08-03	1944.54	A
USGS	14087520	2013-08-04	1944.56	A
USGS	14087520	2013-08-05	1944.49	A
USGS	14087520	2013-08-06	1944.48	A
USGS	14087520	2013-08-07	1944.59	A
USGS	14087520	2013-08-08	1944.55	A
USGS	14087520	2013-08-09	1944.56	A
USGS	14087520	2013-08-10	1944.54	A
USGS	14087520	2013-08-11	1944.49	A
USGS	14087520	2013-08-12	1944.57	A
USGS	14087520	2013-08-13	1944.52	A
USGS	14087520	2013-08-14	1944.40	A
USGS	14087520	2013-08-15	1944.46	A
USGS	14087520	2013-08-16	1944.47	A
USGS	14087520	2013-08-17	1944.54	A
USGS	14087520	2013-08-18	1944.52	A
USGS	14087520	2013-08-19	1944.66	A
USGS	14087520	2013-08-20	1944.70	A
USGS	14087520	2013-08-21	1944.67	A
USGS	14087520	2013-08-22	1944.54	A
USGS	14087520	2013-08-23	1944.51	A
USGS	14087520	2013-08-24	1944.48	A
USGS	14087520	2013-08-25	1944.59	A
USGS	14087520	2013-08-26	1944.70	A
USGS	14087520	2013-08-27	1944.69	A
USGS	14087520	2013-08-28	1944.59	A
USGS	14087520	2013-08-29	1944.61	A
USGS	14087520	2013-08-30	1944.50	A
USGS	14087520	2013-08-31	1944.42	A
USGS	14087520	2013-09-01	1944.37	A
USGS	14087520	2013-09-02	1944.22	A
USGS	14087520	2013-09-03	1944.25	A
USGS	14087520	2013-09-04	1944.28	A
USGS	14087520	2013-09-05	1944.29	A
USGS	14087520	2013-09-06	1944.25	A
USGS	14087520	2013-09-07	1944.34	A
USGS	14087520	2013-09-08	1944.41	A
USGS	14087520	2013-09-09	1944.60	A
USGS	14087520	2013-09-10	1944.51	A
USGS	14087520	2013-09-11	1944.52	A
USGS	14087520	2013-09-12	1944.47	A
USGS	14087520	2013-09-13	1944.53	A
USGS	14087520	2013-09-14	1944.46	A
USGS	14087520	2013-09-15	1944.52	A
USGS	14087520	2013-09-16	1944.41	A
USGS	14087520	2013-09-17	1944.30	A
USGS	14087520	2013-09-18	1944.25	A
USGS	14087520	2013-09-19	1944.35	A
USGS	14087520	2013-09-20	1944.32	A
USGS	14087520	2013-09-21	1944.32	A
USGS	14087520	2013-09-22	1944.32	A
USGS	14087520	2013-09-23	1944.32	A
USGS	14087520	2013-09-24	1944.35	A
USGS	14087520	2013-09-25	1944.35	A
USGS	14087520	2013-09-26	1944.28	A
USGS	14087520	2013-09-27	1944.18	A
USGS	14087520	2013-09-28	1944.17	A
USGS	14087520	2013-09-29	1944.39	A
USGS	14087520	2013-09-30	1944.45	A
USGS	14087520	2013-10-01	1944.33	A
USGS	14087520	2013-10-02	1944.19	A
USGS	14087520	2013-10-03	1943.89	A
USGS	14087520	2013-10-04	1943.87	A
USGS	14087520	2013-10-05	1943.69	A
USGS	14087520	2013-10-06	1943.63	A
USGS	14087520	2013-10-07	1943.72	A
USGS	14087520	2013-10-08	1943.64	A
USGS	14087520	2013-10-09	1943.77	A
USGS	14087520	2013-10-10	1943.78	A
USGS	14087520	2013-10-11	1943.58	A
USGS	14087520	2013-10-12	1943.57	A
USGS	14087520	2013-10-13	1943.55	A
USGS	14087520	2013-10-14	1943.51	A
USGS	14087520	2013-10-15	1943.40	A
USGS	14087520	2013-10-16	1943.49	A
USGS	14087520	2013-10-17	1943.49	A
USGS	14087520	2013-10-18	1943.57	A
USGS	14087520	2013-10-19	1943.52	A
USGS	14087520	2013-10-20	1943.62	A
USGS	14087520	2013-10-21	1943.54	A
USGS	14087520	2013-10-22	1943.50	A
USGS	14087520	2013-10-23	1943.54	A
USGS	14087520	2013-10-24	1943.45	A
USGS	14087520	2013-10-25	1943.40	A
USGS	14087520	2013-10-26	1943.49	A
USGS	14087520	2013-10-27	1943.56	A
USGS	14087520	2013-10-28	1943.51	A
USGS	14087520	2013-10-29	1943.52	A
USGS	14087520	2013-10-30	1943.44	A
USGS	14087520	2013-10-31	1943.41	A
USGS	14087520	2013-11-01	1943.33	A
USGS	14087520	2013-11-02	1943.27	A
USGS	14087520	2013-11-03	1943.19	A
USGS	14087520	2013-11-04	1943.08	A
USGS	14087520	2013-11-05	1943.03	A
USGS	14087520	2013-11-06	1943.10	A
USGS	14087520	2013-11-07	1942.94	A
USGS	14087520	2013-11-08	1942.97	A
USGS	14087520	2013-11-09	1942.94	A
USGS	14087520	2013-11-10	1942.72	A
USGS	14087520	2013-11-11	1942.66	A
USGS	14087520	2013-11-12	1942.61	A
USGS	14087520	2013-11-13	1942.40	A
USGS	14087520	2013-11-14	1942.49	A
USGS	14087520	2013-11-15	1942.33	A
USGS	14087520	2013-11-16	1942.34	A
USGS	14087520	2013-11-17	1942.40	A
USGS	14087520	2013-11-18	1942.41	A
USGS	14087520	2013-11-19	1942.34	A
USGS	14087520	2013-11-20	1942.34	A
USGS	14087520	2013-11-21	1942.27	A
USGS	14087520	2013-11-22	1942.28	A
USGS	14087520	2013-11-23	1942.37	A
USGS	14087520	2013-11-24	1942.42	A
USGS	14087520	2013-11-25	1942.50	A
USGS	14087520	2013-11-26	1942.64	A
USGS	14087520	2013-11-27	1942.53	A
USGS	14087520	2013-11-28	1942.52	A
USGS	14087520	2013-11-29	1942.49	A
USGS	14087520	2013-11-30	1942.51	A
USGS	14087520	2013-12-01	1942.47	A
USGS	14087520	2013-12-02	1942.82	A
USGS	14087520	2013-12-03	1942.91	A
USGS	14087520	2013-12-04	1942.77	A
USGS	14087520	2013-12-05		
USGS	14087520	2013-12-06	1942.63	A
USGS	14087520	2013-12-07		
USGS	14087520	2013-12-08		
USGS	14087520	2013-12-09		
USGS	14087520	2013-12-10	1942.37	A
USGS	14087520	2013-12-11	1942.31	A
USGS	14087520	2013-12-12	1942.29	A
USGS	14087520	2013-12-13	1942.14	A
USGS	14087520	2013-12-14	1942.14	A
USGS	14087520	2013-12-15	1942.14	A
USGS	14087520	2013-12-16	1942.04	A
USGS	14087520	2013-12-17	1942.00	A
USGS	14087520	2013-12-18	1942.06	A
USGS	14087520	2013-12-19	1941.97	A
USGS	14087520	2013-12-20	1942.08	A
USGS	14087520	2013-12-21	1942.08	A
USGS	14087520	2013-12-22	1942.19	A
USGS	14087520	2013-12-23	1942.31	A
USGS	14087520	2013-12-24	1942.22	A
USGS	14087520	2013-12-25	1942.25	A
USGS	14087520	2013-12-26	1942.22	A
USGS	14087520	2013-12-27	1942.31	A
USGS	14087520	2013-12-28	1942.25	A
USGS	14087520	2013-12-29	1942.26	A
USGS	14087520	2013-12-30	1942.26	A
USGS	14087520	2013-12-31	1942.29	A
USGS	14087520	2014-01-01	1942.32	A
USGS	14087520	2014-01-02	1942.38	A
USGS	14087520	2014-01-03	1942.35	A
USGS	14087520	2014-01-04	1942.32	A
USGS	14087520	2014-01-05	1942.38	A
USGS	14087520	2014-01-06	1942.31	A
USGS	14087520	2014-01-07	1942.34	A
USGS	14087520	2014-01-08	1942.36	A
USGS	14087520	2014-01-09	1942.32	A
USGS	14087520	2014-01-10	1942.25	A
USGS	14087520	2014-01-11	1942.35	A
USGS	14087520	2014-01-12	1942.47	A
USGS	14087520	2014-01-13	1942.43	A
USGS	14087520	2014-01-14	1942.42	A
USGS	14087520	2014-01-15	1942.47	A
USGS	14087520	2014-01-16	1942.54	A
USGS	14087520	2014-01-17	1942.44	A
USGS	14087520	2014-01-18	1942.48	A
USGS	14087520	2014-01-19	1942.47	A
USGS	14087520	2014-01-20	1942.37	A
USGS	14087520	2014-01-21	1942.33	A
USGS	14087520	2014-01-22	1942.30	A
USGS	14087520	2014-01-23	1942.28	A
USGS	14087520	2014-01-24	1942.16	A
USGS	14087520	2014-01-25	1942.24	A
USGS	14087520	2014-01-26	1942.33	A
USGS	14087520	2014-01-27	1942.28	A
USGS	14087520	2014-01-28	1942.32	A
USGS	14087520	2014-01-29	1942.59	A
USGS	14087520	2014-01-30	1942.67	A
USGS	14087520	2014-01-31	1942.86	A
USGS	14087520	2014-02-01	1942.71	A
USGS	14087520	2014-02-02	1942.71	A
USGS	14087520	2014-02-03	1942.67	A
USGS	14087520	2014-02-04	1942.62	A
USGS	14087520	2014-02-05	1942.54	A
USGS	14087520	2014-02-06		
USGS	14087520	2014-02-07		
USGS	14087520	2014-02-08	1942.44	A
USGS	14087520	2014-02-09	1942.17	A
USGS	14087520	2014-02-10	1941.98	A
USGS	14087520	2014-02-11	1942.01	A
USGS	14087520	2014-02-12	1942.08	A
USGS	14087520	2014-02-13	1942.28	A
USGS	14087520	2014-02-14	1942.54	A
USGS	14087520	2014-02-15	1942.42	A
USGS	14087520	2014-02-16	1942.06	A
USGS	14087520	2014-02-17	1941.61	A
USGS	14087520	2014-02-18	1941.18	A
USGS	14087520	2014-02-19	1941.01	A
USGS	14087520	2014-02-20	1940.78	A
USGS	14087520	2014-02-21	1940.34	A
USGS	14087520	2014-02-22	1940.25	A
USGS	14087520	2014-02-23	1940.35	A
USGS	14087520	2014-02-24	1940.51	A
USGS	14087520	2014-02-25	1940.55	A
USGS	14087520	2014-02-26	1940.64	A
USGS	14087520	2014-02-27	1940.72	A
USGS	14087520	2014-02-28	1940.55	A
USGS	14087520	2014-03-01	1940.64	A
USGS	14087520	2014-03-02	1940.92	A
USGS	14087520	2014-03-03	1941.12	A
USGS	14087520	2014-03-04	1941.10	A
USGS	14087520	2014-03-05	1941.34	A
USGS	14087520	2014-03-06	1941.89	A
USGS	14087520	2014-03-07	1942.19	A
USGS	14087520	2014-03-08	1942.40	A
USGS	14087520	2014-03-09	1942.89	A
USGS	14087520	2014-03-10	1943.15	A
USGS	14087520	2014-03-11	1943.10	A
USGS	14087520	2014-03-12	1942.96	A
USGS	14087520	2014-03-13	1942.76	A
USGS	14087520	2014-03-14	1942.34	A
USGS	14087520	2014-03-15	1942.11	A
USGS	14087520	2014-03-16	1942.22	A
USGS	14087520	2014-03-17	1941.95	A
USGS	14087520	2014-03-18	1942.19	A
USGS	14087520	2014-03-19	1942.08	A
USGS	14087520	2014-03-20	1941.94	A
USGS	14087520	2014-03-21	1941.87	A
USGS	14087520	2014-03-22	1941.64	A
USGS	14087520	2014-03-23	1941.90	A
USGS	14087520	2014-03-24	1942.06	A
USGS	14087520	2014-03-25	1941.84	A
USGS	14087520	2014-03-26	1942.03	A
USGS	14087520	2014-03-27	1941.89	A
USGS	14087520	2014-03-28	1942.11	A
USGS	14087520	2014-03-29	1942.19	A
USGS	14087520	2014-03-30	1942.42	A
USGS	14087520	2014-03-31	1942.44	A
USGS	14087520	2014-04-01	1942.80	A
USGS	14087520	2014-04-02	1942.65	A
USGS	14087520	2014-04-03	1942.58	A
USGS	14087520	2014-04-04	1942.24	A
USGS	14087520	2014-04-05	1942.28	A
USGS	14087520	2014-04-06	1942.12	A
USGS	14087520	2014-04-07	1942.87	A
USGS	14087520	2014-04-08	1942.91	A
USGS	14087520	2014-04-09	1942.96	A
USGS	14087520	2014-04-10	1943.05	A
USGS	14087520	2014-04-11	1943.22	A
USGS	14087520	2014-04-12	1943.48	A
USGS	14087520	2014-04-13	1943.78	A
USGS	14087520	2014-04-14	1943.79	A
USGS	14087520	2014-04-15	1943.84	A
USGS	14087520	2014-04-16	1944.09	A
USGS	14087520	2014-04-17	1943.85	A
USGS	14087520	2014-04-18	1943.68	A
USGS	14087520	2014-04-19	1944.13	A
USGS	14087520	2014-04-20	1944.33	A
USGS	14087520	2014-04-21	1944.27	A
USGS	14087520	2014-04-22	1944.29	A
USGS	14087520	2014-04-23	1944.55	A
USGS	14087520	2014-04-24	1944.71	A
USGS	14087520	2014-04-25	1944.81	A
USGS	14087520	2014-04-26	1944.64	A
USGS	14087520	2014-04-27	1944.90	A
USGS	14087520	2014-04-28	1944.81	A
USGS	14087520	2014-04-29	1944.67	A
USGS	14087520	2014-04-30	1944.49	A
USGS	14087520	2014-05-01	1944.50	A
USGS	14087520	2014-05-02	1944.50	A
USGS	14087520	2014-05-03	1944.40	A
USGS	14087520	2014-05-04	1944.66	A
USGS	14087520	2014-05-05	1944.71	A
USGS	14087520	2014-05-06	1944.69	A
USGS	14087520	2014-05-07	1944.56	A
USGS	14087520	2014-05-08	1944.52	A
USGS	14087520	2014-05-09	1944.54	A
USGS	14087520	2014-05-10	1944.56	A
USGS	14087520	2014-05-11	1944.53	A
USGS	14087520	2014-05-12	1944.46	A
USGS	14087520	2014-05-13	1944.45	A
USGS	14087520	2014-05-14	1944.68	A
USGS	14087520	2014-05-15	1944.70	A
USGS	14087520	2014-05-16	1944.76	A
USGS	14087520	2014-05-17	1944.58	A
USGS	14087520	2014-05-18	1944.68	A
USGS	14087520	2014-05-19	1944.58	A
USGS	14087520	2014-05-20	1944.54	A
USGS	14087520	2014-05-21	1944.52	A
USGS	14087520	2014-05-22	1944.56	A
USGS	14087520	2014-05-23	1944.60	A
USGS	14087520	2014-05-24	1944.61	A
USGS	14087520	2014-05-25	1944.66	A
USGS	14087520	2014-05-26	1944.63	A
USGS	14087520	2014-05-27	1944.79	A
USGS	14087520	2014-05-28	1944.80	A
USGS	14087520	2014-05-29	1944.57	A
USGS	14087520	2014-05-30	1944.39	A
USGS	14087520	2014-05-31	1944.55	A
USGS	14087520	2014-06-01	1944.47	A
USGS	14087520	2014-06-02	1944.63	A
USGS	14087520	2014-06-03	1944.58	A
USGS	14087520	2014-06-04	1944.65	A
USGS	14087520	2014-06-05	1944.55	A
USGS	14087520	2014-06-06	1944.49	A
USGS	14087520	2014-06-07	1944.59	A
USGS	14087520	2014-06-08	1944.65	A
USGS	14087520	2014-06-09	1944.63	A
USGS	14087520	2014-06-10	1944.73	A
USGS	14087520	2014-06-11	1944.54	A
USGS	14087520	2014-06-12	1944.58	A
USGS	14087520	2014-06-13	1944.52	A
USGS	14087520	2014-06-14	1944.56	A
USGS	14087520	2014-06-15	1944.55	A
USGS	14087520	2014-06-16	1944.55	A
USGS	14087520	2014-06-17	1944.50	A
USGS	14087520	2014-06-18	1944.46	A
USGS	14087520	2014-06-19	1944.47	A
USGS	14087520	2014-06-20	1944.51	A
USGS	14087520	2014-06-21	1944.32	A
USGS	14087520	2014-06-22	1944.31	A
USGS	14087520	2014-06-23	1944.74	A
USGS	14087520	2014-06-24	1944.50	A
USGS	14087520	2014-06-25	1944.70	A
USGS	14087520	2014-06-26	1944.78	A
USGS	14087520	2014-06-27	1944.93	A
USGS	14087520	2014-06-28	1944.73	A
USGS	14087520	2014-06-29	1944.61	A
USGS	14087520	2014-06-30	1944.56	A
USGS	14087520	2014-07-01	1944.46	A
USGS	14087520	2014-07-02	1944.48	A
USGS	14087520	2014-07-03	1944.55	A
USGS	14087520	2014-07-04	1944.54	A
USGS	14087520	2014-07-05	1944.49	A
USGS	14087520	2014-07-06	1944.60	A
USGS	14087520	2014-07-07	1944.52	A
USGS	14087520	2014-07-08	1944.65	A
USGS	14087520	2014-07-09	1944.67	A
USGS	14087520	2014-07-10	1944.58	A
USGS	14087520	2014-07-11	1944.58	A
USGS	14087520	2014-07-12	1944.59	A
USGS	14087520	2014-07-13	1944.59	A
USGS	14087520	2014-07-14	1944.52	A
USGS	14087520	2014-07-15	1944.78	A
USGS	14087520	2014-07-16	1944.80	A
USGS	14087520	2014-07-17	1944.67	A
USGS	14087520	2014-07-18	1944.51	A
USGS	14087520	2014-07-19	1944.61	A
USGS	14087520	2014-07-20	1944.61	A
USGS	14087520	2014-07-21	1944.58	A
USGS	14087520	2014-07-22	1944.55	A
USGS	14087520	2014-07-23	1944.67	A
USGS	14087520	2014-07-24	1944.59	A
USGS	14087520	2014-07-25	1944.68	A
USGS	14087520	2014-07-26	1944.53	A
USGS	14087520	2014-07-27	1944.48	A
USGS	14087520	2014-07-28	1944.46	A
USGS	14087520	2014-07-29	1944.55	A
USGS	14087520	2014-07-30	1944.61	A
USGS	14087520	2014-07-31	1944.58	A
USGS	14087520	2014-08-01	1944.48	A
USGS	14087520	2014-08-02	1944.51	A
USGS	14087520	2014-08-03	1944.46	A
USGS	14087520	2014-08-04	1944.55	A
USGS	14087520	2014-08-05	1944.50	A
USGS	14087520	2014-08-06	1944.48	A
USGS	14087520	2014-08-07	1944.52	A
USGS	14087520	2014-08-08	1944.61	A
USGS	14087520	2014-08-09	1944.59	A
USGS	14087520	2014-08-10	1944.55	A
USGS	14087520	2014-08-11	1944.64	A
USGS	14087520	2014-08-12	1944.59	A
USGS	14087520	2014-08-13	1944.67	A
USGS	14087520	2014-08-14	1944.59	A
USGS	14087520	2014-08-15	1944.52	A
USGS	14087520	2014-08-16	1944.43	A
USGS	14087520	2014-08-17	1944.44	A
USGS	14087520	2014-08-18	1944.37	A
USGS	14087520	2014-08-19	1944.43	A
USGS	14087520	2014-08-20	1944.41	A
USGS	14087520	2014-08-21	1944.45	A
USGS	14087520	2014-08-22	1944.38	A
USGS	14087520	2014-08-23	1944.41	A
USGS	14087520	2014-08-24	1944.61	A
USGS	14087520	2014-08-25	1944.48	A
USGS	14087520	2014-08-26	1944.51	A
USGS	14087520	2014-08-27	1944.50	A
USGS	14087520	2014-08-28	1944.48	A
USGS	14087520	2014-08-29	1944.42	A
USGS	14087520	2014-08-30	1944.40	A
USGS	14087520	2014-08-31	1944.52	A
USGS	14087520	2014-09-01	1944.48	A
USGS	14087520	2014-09-02	1944.65	A
USGS	14087520	2014-09-03	1944.57	A
USGS	14087520	2014-09-04	1944.46	A
USGS	14087520	2014-09-05	1944.46	A
USGS	14087520	2014-09-06	1944.53	A
USGS	14087520	2014-09-07	1944.58	A
USGS	14087520	2014-09-08	1944.56	A
USGS	14087520	2014-09-09	1944.56	A
USGS	14087520	2014-09-10	1944.48	A
USGS	14087520	2014-09-11	1944.49	A
USGS	14087520	2014-09-12	1944.49	A
USGS	14087520	2014-09-13	1944.72	A
USGS	14087520	2014-09-14	1944.61	A
USGS	14087520	2014-09-15	1944.50	A
USGS	14087520	2014-09-16	1944.49	A
USGS	14087520	2014-09-17	1944.48	A
USGS	14087520	2014-09-18	1944.47	A
USGS	14087520	2014-09-19	1944.29	A
USGS	14087520	2014-09-20	1944.31	A
USGS	14087520	2014-09-21	1944.36	A
USGS	14087520	2014-09-22	1944.29	A
USGS	14087520	2014-09-23	1944.08	A
USGS	14087520	2014-09-24	1944.10	A
USGS	14087520	2014-09-25	1944.08	A
USGS	14087520	2014-09-26	1943.98	A
USGS	14087520	2014-09-27	1943.92	A
USGS	14087520	2014-09-28	1943.96	A
USGS	14087520	2014-09-29	1943.97	A
USGS	14087520	2014-09-30	1943.94	A
USGS	14087520	2014-10-01	1943.84	A
USGS	14087520	2014-10-02	1943.83	A
USGS	14087520	2014-10-03	1943.74	A
USGS	14087520	2014-10-04	1943.78	A
USGS	14087520	2014-10-05	1943.84	A
USGS	14087520	2014-10-06	1943.80	A
USGS	14087520	2014-10-07	1943.84	A
USGS	14087520	2014-10-08	1943.66	A
USGS	14087520	2014-10-09	1943.60	A
USGS	14087520	2014-10-10	1943.59	A
USGS	14087520	2014-10-11	1943.59	A
USGS	14087520	2014-10-12	1943.59	A
USGS	14087520	2014-10-13	1943.55	A
USGS	14087520	2014-10-14	1943.53	A
USGS	14087520	2014-10-15	1943.49	A
USGS	14087520	2014-10-16	1943.49	A
USGS	14087520	2014-10-17	1943.48	A
USGS	14087520	2014-10-18	1943.78	A
USGS	14087520	2014-10-19	1943.75	A
USGS	14087520	2014-10-20	1943.76	A
USGS	14087520	2014-10-21	1943.77	A
USGS	14087520	2014-10-22	1943.81	A
USGS	14087520	2014-10-23	1943.85	A
USGS	14087520	2014-10-24	1943.86	A
USGS	14087520	2014-10-25	1943.90	A
USGS	14087520	2014-10-26	1943.86	A
USGS	14087520	2014-10-27	1943.78	A
USGS	14087520	2014-10-28	1944.05	A
USGS	14087520	2014-10-29	1944.14	A
USGS	14087520	2014-10-30	1944.40	A
USGS	14087520	2014-10-31	1944.23	A
USGS	14087520	2014-11-01	1944.23	A
USGS	14087520	2014-11-02	1944.16	A
USGS	14087520	2014-11-03	1944.04	A
USGS	14087520	2014-11-04	1943.91	A
USGS	14087520	2014-11-05	1943.85	A
USGS	14087520	2014-11-06	1943.77	A
USGS	14087520	2014-11-07	1943.72	A
USGS	14087520	2014-11-08	1943.63	A
USGS	14087520	2014-11-09	1943.52	A
USGS	14087520	2014-11-10	1943.44	A
USGS	14087520	2014-11-11	1943.40	A
USGS	14087520	2014-11-12	1943.33	A
USGS	14087520	2014-11-13	1943.46	A
USGS	14087520	2014-11-14	1943.43	A
USGS	14087520	2014-11-15		
USGS	14087520	2014-11-16		
USGS	14087520	2014-11-17		
USGS	14087520	2014-11-18	1943.04	A
USGS	14087520	2014-11-19	1942.97	A
USGS	14087520	2014-11-20	1942.88	A
USGS	14087520	2014-11-21	1942.73	A
USGS	14087520	2014-11-22	1942.98	A
USGS	14087520	2014-11-23	1942.81	A
USGS	14087520	2014-11-24	1942.86	A
USGS	14087520	2014-11-25	1942.70	A
USGS	14087520	2014-11-26	1942.68	A
USGS	14087520	2014-11-27	1942.67	A
USGS	14087520	2014-11-28	1942.99	A
USGS	14087520	2014-11-29	1943.04	A
USGS	14087520	2014-11-30	1942.85	A
USGS	14087520	2014-12-01	1942.78	A
USGS	14087520	2014-12-02	1942.65	A
USGS	14087520	2014-12-03	1942.60	A
USGS	14087520	2014-12-04	1942.50	A
USGS	14087520	2014-12-05	1942.27	A
USGS	14087520	2014-12-06	1942.17	A
USGS	14087520	2014-12-07	1942.09	A
USGS	14087520	2014-12-08	1942.00	A
USGS	14087520	2014-12-09	1941.93	A
USGS	14087520	2014-12-10	1941.88	A
USGS	14087520	2014-12-11	1941.91	A
USGS	14087520	2014-12-12	1941.75	A
USGS	14087520	2014-12-13	1941.58	A
USGS	14087520	2014-12-14	1941.46	A
USGS	14087520	2014-12-15	1941.36	A
USGS	14087520	2014-12-16	1941.23	A
USGS	14087520	2014-12-17	1941.21	A
USGS	14087520	2014-12-18	1941.30	A
USGS	14087520	2014-12-19	1941.62	A
USGS	14087520	2014-12-20	1941.71	A
USGS	14087520	2014-12-21	1942.49	A
USGS	14087520	2014-12-22	1943.08	A
USGS	14087520	2014-12-23	1942.85	A
USGS	14087520	2014-12-24	1942.77	A
USGS	14087520	2014-12-25	1942.43	A
USGS	14087520	2014-12-26	1941.97	A
USGS	14087520	2014-12-27	1941.78	A
USGS	14087520	2014-12-28	1941.63	A
USGS	14087520	2014-12-29	1941.67	A
USGS	14087520	2014-12-30		
USGS	14087520	2014-12-31		
USGS	14087520	2015-01-01	1940.92	A
USGS	14087520	2015-01-02	1940.89	A
USGS	14087520	2015-01-03	1940.55	A
USGS	14087520	2015-01-04	1940.35	A
USGS	14087520	2015-01-05	1940.35	A
USGS	14087520	2015-01-06	1940.08	A
USGS	14087520	2015-01-07	1939.98	A
USGS	14087520	2015-01-08	1939.94	A
USGS	14087520	2015-01-09	1940.06	A
USGS	14087520	2015-01-10	1940.12	A
USGS	14087520	2015-01-11	1940.06	A
USGS	14087520	2015-01-12	1940.07	A
USGS	14087520	2015-01-13	1940.03	A
USGS	14087520	2015-01-14	1940.01	A
USGS	14087520	2015-01-15	1940.32	A
USGS	14087520	2015-01-16	1940.47	A
USGS	14087520	2015-01-17	1940.60	A
USGS	14087520	2015-01-18	1940.82	A
USGS	14087520	2015-01-19	1940.78	A
USGS	14087520	2015-01-20	1940.66	A
USGS	14087520	2015-01-21	1940.44	A
USGS	14087520	2015-01-22	1940.45	A
USGS	14087520	2015-01-23	1940.31	A
USGS	14087520	2015-01-24	1940.28	A
USGS	14087520	2015-01-25	1940.24	A
USGS	14087520	2015-01-26	1940.26	A
USGS	14087520	2015-01-27	1940.18	A
USGS	14087520	2015-01-28	1940.25	A
USGS	14087520	2015-01-29	1940.28	A
USGS	14087520	2015-01-30	1940.42	A
USGS	14087520	2015-01-31	1940.45	A
USGS	14087520	2015-02-01	1940.63	A
USGS	14087520	2015-02-02	1940.61	A
USGS	14087520	2015-02-03	1940.73	A
USGS	14087520	2015-02-04	1940.83	A
USGS	14087520	2015-02-05	1940.92	A
USGS	14087520	2015-02-06	1940.66	A
USGS	14087520	2015-02-07	1941.02	A
USGS	14087520	2015-02-08	1941.08	A
USGS	14087520	2015-02-09	1941.21	A
USGS	14087520	2015-02-10	1941.29	A
USGS	14087520	2015-02-11	1941.30	A
USGS	14087520	2015-02-12	1941.49	A
USGS	14087520	2015-02-13	1941.26	A
USGS	14087520	2015-02-14	1941.17	A
USGS	14087520	2015-02-15	1941.21	A
USGS	14087520	2015-02-16	1941.16	A
USGS	14087520	2015-02-17	1941.15	A
USGS	14087520	2015-02-18	1941.41	A
USGS	14087520	2015-02-19	1941.41	A
USGS	14087520	2015-02-20	1941.60	A
USGS	14087520	2015-02-21	1941.69	A
USGS	14087520	2015-02-22	1941.29	A
USGS	14087520	2015-02-23	1941.49	A
USGS	14087520	2015-02-24	1941.67	A
USGS	14087520	2015-02-25	1941.49	A
USGS	14087520	2015-02-26	1941.64	A
USGS	14087520	2015-02-27	1941.64	A
USGS	14087520	2015-02-28	1941.70	A
USGS	14087520	2015-03-01	1941.76	A
USGS	14087520	2015-03-02	1941.82	A
USGS	14087520	2015-03-03	1942.04	A
USGS	14087520	2015-03-04	1942.16	A
USGS	14087520	2015-03-05	1942.29	A
USGS	14087520	2015-03-06	1942.49	A
USGS	14087520	2015-03-07	1942.60	A
USGS	14087520	2015-03-08	1942.72	A
USGS	14087520	2015-03-09	1942.95	A
USGS	14087520	2015-03-10	1942.88	A
USGS	14087520	2015-03-11	1942.89	A
USGS	14087520	2015-03-12	1942.95	A
USGS	14087520	2015-03-13	1943.00	A
USGS	14087520	2015-03-14	1943.37	A
USGS	14087520	2015-03-15	1943.68	A
USGS	14087520	2015-03-16	1943.71	A
USGS	14087520	2015-03-17	1943.80	A
USGS	14087520	2015-03-18	1943.72	A
USGS	14087520	2015-03-19	1943.73	A
USGS	14087520	2015-03-20	1943.74	A
USGS	14087520	2015-03-21	1943.73	A
USGS	14087520	2015-03-22	1943.72	A
USGS	14087520	2015-03-23	1943.71	A
USGS	14087520	2015-03-24	1943.77	A
USGS	14087520	2015-03-25	1943.83	A
USGS	14087520	2015-03-26	1943.70	A
USGS	14087520	2015-03-27	1943.64	A
USGS	14087520	2015-03-28	1943.72	A
USGS	14087520	2015-03-29	1943.77	A
USGS	14087520	2015-03-30	1943.67	A
USGS	14087520	2015-03-31	1943.54	A
USGS	14087520	2015-04-01	1943.63	A
USGS	14087520	2015-04-02	1943.55	A
USGS	14087520	2015-04-03	1943.50	A
USGS	14087520	2015-04-04	1943.56	A
USGS	14087520	2015-04-05	1943.58	A
USGS	14087520	2015-04-06	1943.68	A
USGS	14087520	2015-04-07	1943.71	A
USGS	14087520	2015-04-08	1943.72	A
USGS	14087520	2015-04-09	1943.68	A
USGS	14087520	2015-04-10	1943.66	A
USGS	14087520	2015-04-11	1943.84	A
USGS	14087520	2015-04-12	1943.69	A
USGS	14087520	2015-04-13	1943.83	A
USGS	14087520	2015-04-14	1943.88	A
USGS	14087520	2015-04-15	1943.96	A
USGS	14087520	2015-04-16	1943.98	A
USGS	14087520	2015-04-17	1944.03	A
USGS	14087520	2015-04-18	1944.01	A
USGS	14087520	2015-04-19	1944.20	A
USGS	14087520	2015-04-20	1944.29	A
USGS	14087520	2015-04-21	1944.28	A
USGS	14087520	2015-04-22	1944.35	A
USGS	14087520	2015-04-23	1944.40	A
USGS	14087520	2015-04-24	1944.54	A
USGS	14087520	2015-04-25	1944.61	A
USGS	14087520	2015-04-26	1944.57	A
USGS	14087520	2015-04-27	1944.55	A
USGS	14087520	2015-04-28	1944.55	A
USGS	14087520	2015-04-29	1944.58	A
USGS	14087520	2015-04-30	1944.55	A
USGS	14087520	2015-05-01	1944.56	A
USGS	14087520	2015-05-02	1944.50	A
USGS	14087520	2015-05-03	1944.51	A
USGS	14087520	2015-05-04	1944.70	A
USGS	14087520	2015-05-05	1944.43	A
USGS	14087520	2015-05-06	1944.51	A
USGS	14087520	2015-05-07	1944.62	A
USGS	14087520	2015-05-08	1944.49	A
USGS	14087520	2015-05-09	1944.53	A
USGS	14087520	2015-05-10	1944.65	A
USGS	14087520	2015-05-11	1944.75	A
USGS	14087520	2015-05-12	1944.74	A
USGS	14087520	2015-05-13	1944.60	A
USGS	14087520	2015-05-14	1944.64	A
USGS	14087520	2015-05-15	1944.54	A
USGS	14087520	2015-05-16	1944.50	A
USGS	14087520	2015-05-17	1944.71	A
USGS	14087520	2015-05-18	1944.69	A
USGS	14087520	2015-05-19	1944.69	A
USGS	14087520	2015-05-20	1944.69	A
USGS	14087520	2015-05-21	1944.76	A
USGS	14087520	2015-05-22	1944.68	A
USGS	14087520	2015-05-23	1944.47	A
USGS	14087520	2015-05-24	1944.36	A
USGS	14087520	2015-05-25	1944.54	A
USGS	14087520	2015-05-26	1944.44	A
USGS	14087520	2015-05-27	1944.29	A
USGS	14087520	2015-05-28	1944.33	A
USGS	14087520	2015-05-29	1944.39	A
USGS	14087520	2015-05-30	1944.38	A
USGS	14087520	2015-05-31	1944.47	A
USGS	14087520	2015-06-01	1944.48	A
USGS	14087520	2015-06-02	1944.44	A
USGS	14087520	2015-06-03	1944.63	A
USGS	14087520	2015-06-04	1944.63	A
USGS	14087520	2015-06-05	1944.45	A
USGS	14087520	2015-06-06	1944.39	A
USGS	14087520	2015-06-07	1944.48	A
USGS	14087520	2015-06-08	1944.57	A
USGS	14087520	2015-06-09	1944.62	A
USGS	14087520	2015-06-10	1944.62	A
USGS	14087520	2015-06-11	1944.50	A
USGS	14087520	2015-06-12	1944.33	A
USGS	14087520	2015-06-13	1944.42	A
USGS	14087520	2015-06-14	1944.44	A
USGS	14087520	2015-06-15	1944.45	A
USGS	14087520	2015-06-16	1944.41	A
USGS	14087520	2015-06-17	1944.34	A
USGS	14087520	2015-06-18	1944.47	A
USGS	14087520	2015-06-19	1944.46	A
USGS	14087520	2015-06-20	1944.45	A
USGS	14087520	2015-06-21	1944.48	A
USGS	14087520	2015-06-22	1944.57	A
USGS	14087520	2015-06-23	1944.55	A
USGS	14087520	2015-06-24	1944.55	A
USGS	14087520	2015-06-25	1944.52	A
USGS	14087520	2015-06-26	1944.50	A
USGS	14087520	2015-06-27	1944.46	A
USGS	14087520	2015-06-28	1944.53	A
USGS	14087520	2015-06-29	1944.53	A
USGS	14087520	2015-06-30	1944.52	A
USGS	14087520	2015-07-01	1944.42	A
USGS	14087520	2015-07-02	1944.40	A
USGS	14087520	2015-07-03	1944.44	A
USGS	14087520	2015-07-04	1944.39	A
USGS	14087520	2015-07-05	1944.55	A
USGS	14087520	2015-07-06	1944.55	A
USGS	14087520	2015-07-07	1944.53	A
USGS	14087520	2015-07-08	1944.53	A
USGS	14087520	2015-07-09	1944.54	A
USGS	14087520	2015-07-10	1944.57	A
USGS	14087520	2015-07-11	1944.62	A
USGS	14087520	2015-07-12	1944.51	A
USGS	14087520	2015-07-13	1944.49	A
USGS	14087520	2015-07-14	1944.53	A
USGS	14087520	2015-07-15	1944.54	A
USGS	14087520	2015-07-16	1944.67	A
USGS	14087520	2015-07-17	1944.43	A
USGS	14087520	2015-07-18	1944.44	A
USGS	14087520	2015-07-19	1944.55	A
USGS	14087520	2015-07-20	1944.55	A
USGS	14087520	2015-07-21	1944.67	A
USGS	14087520	2015-07-22	1944.35	A
USGS	14087520	2015-07-23	1944.36	A
USGS	14087520	2015-07-24	1944.53	A
USGS	14087520	2015-07-25	1944.47	A
USGS	14087520	2015-07-26	1944.54	A
USGS	14087520	2015-07-27	1944.64	A
USGS	14087520	2015-07-28	1944.58	A
USGS	14087520	2015-07-29	1944.57	A
USGS	14087520	2015-07-30	1944.52	A
USGS	14087520	2015-07-31	1944.57	A
USGS	14087520	2015-08-01	1944.45	A
USGS	14087520	2015-08-02	1944.38	A
USGS	14087520	2015-08-03	1944.39	A
USGS	14087520	2015-08-04	1944.51	A
USGS	14087520	2015-08-05	1944.47	A
USGS	14087520	2015-08-06	1944.39	A
USGS	14087520	2015-08-07	1944.43	A
USGS	14087520	2015-08-08	1944.49	A
USGS	14087520	2015-08-09	1944.47	A
USGS	14087520	2015-08-10	1944.57	A
USGS	14087520	2015-08-11	1944.62	A
USGS	14087520	2015-08-12	1944.66	A
USGS	14087520	2015-08-13	1944.63	A
USGS	14087520	2015-08-14	1944.52	A
USGS	14087520	2015-08-15	1944.49	A
USGS	14087520	2015-08-16	1944.40	A
USGS	14087520	2015-08-17	1944.46	A
USGS	14087520	2015-08-18	1944.34	A
USGS	14087520	2015-08-19	1944.49	A
USGS	14087520	2015-08-20	1944.33	A
USGS	14087520	2015-08-21	1944.44	A
USGS	14087520	2015-08-22	1944.42	A
USGS	14087520	2015-08-23	1944.48	A
USGS	14087520	2015-08-24	1944.45	A
USGS	14087520	2015-08-25	1944.47	A
USGS	14087520	2015-08-26	1944.58	A
USGS	14087520	2015-08-27	1944.48	A
USGS	14087520	2015-08-28	1944.34	A
USGS	14087520	2015-08-29	1944.37	A
USGS	14087520	2015-08-30	1944.38	A
USGS	14087520	2015-08-31	1944.40	A
USGS	14087520	2015-09-01	1944.42	A
USGS	14087520	2015-09-02	1944.35	A
USGS	14087520	2015-09-03	1944.41	A
USGS	14087520	2015-09-04	1944.40	A
USGS	14087520	2015-09-05	1944.39	A
USGS	14087520	2015-09-06	1944.38	A
USGS	14087520	2015-09-07	1944.38	A
USGS	14087520	2015-09-08	1944.38	A
USGS	14087520	2015-09-09	1944.40	A
USGS	14087520	2015-09-10	1944.41	A
USGS	14087520	2015-09-11	1944.38	A
USGS	14087520	2015-09-12	1944.41	A
USGS	14087520	2015-09-13	1944.44	A
USGS	14087520	2015-09-14	1944.57	A
USGS	14087520	2015-09-15	1944.47	A
USGS	14087520	2015-09-16	1944.43	A
USGS	14087520	2015-09-17	1944.54	A
USGS	14087520	2015-09-18	1944.38	A
USGS	14087520	2015-09-19	1944.42	A
USGS	14087520	2015-09-20	1944.44	A
USGS	14087520	2015-09-21	1944.14	A
USGS	14087520	2015-09-22	1944.19	A
USGS	14087520	2015-09-23	1943.90	A
USGS	14087520	2015-09-24	1943.78	A
USGS	14087520	2015-09-25	1943.81	A
USGS	14087520	2015-09-26	1943.72	A
USGS	14087520	2015-09-27	1943.71	A
USGS	14087520	2015-09-28	1943.63	A
USGS	14087520	2015-09-29	1943.62	A
USGS	14087520	2015-09-30	1943.58	A
USGS	14087520	2015-10-01	1943.63	A
USGS	14087520	2015-10-02	1943.50	A
USGS	14087520	2015-10-03	1943.43	A
USGS	14087520	2015-10-04	1943.38	A
USGS	14087520	2015-10-05	1943.29	A
USGS	14087520	2015-10-06	1943.32	A
USGS	14087520	2015-10-07	1943.34	A
USGS	14087520	2015-10-08	1943.26	A
USGS	14087520	2015-10-09	1943.17	A
USGS	14087520	2015-10-10	1943.26	A
USGS	14087520	2015-10-11	1943.11	A
USGS	14087520	2015-10-12	1943.03	A
USGS	14087520	2015-10-13	1942.63	A
USGS	14087520	2015-10-14	1942.15	A
USGS	14087520	2015-10-15	1942.02	A
USGS	14087520	2015-10-16	1941.88	A
USGS	14087520	2015-10-17	1941.94	A
USGS	14087520	2015-10-18	1941.80	A
USGS	14087520	2015-10-19	1941.95	A
USGS	14087520	2015-10-20	1941.57	A
USGS	14087520	2015-10-21	1941.46	A
USGS	14087520	2015-10-22	1941.31	A
USGS	14087520	2015-10-23	1941.20	A
USGS	14087520	2015-10-24	1941.09	A
USGS	14087520	2015-10-25	1941.16	A
USGS	14087520	2015-10-26	1941.06	A
USGS	14087520	2015-10-27	1940.87	A
USGS	14087520	2015-10-28	1940.86	A
USGS	14087520	2015-10-29	1940.73	A
USGS	14087520	2015-10-30	1940.69	A
USGS	14087520	2015-10-31	1940.66	A
USGS	14087520	2015-11-01	1940.71	A
USGS	14087520	2015-11-02	1940.47	A
USGS	14087520	2015-11-03	1940.30	A
USGS	14087520	2015-11-04	1940.15	A
USGS	14087520	2015-11-05	1940.01	A
USGS	14087520	2015-11-06	1939.79	A
USGS	14087520	2015-11-07	1939.74	A
USGS	14087520	2015-11-08	1939.55	A
USGS	14087520	2015-11-09	1939.48	A
USGS	14087520	2015-11-10	1939.30	A
USGS	14087520	2015-11-11	1939.20	A
USGS	14087520	2015-11-12	1939.17	A
USGS	14087520	2015-11-13	1939.05	A
USGS	14087520	2015-11-14	1938.98	A
USGS	14087520	2015-11-15	1938.90	A
USGS	14087520	2015-11-16	1938.80	A
USGS	14087520	2015-11-17	1938.71	A
USGS	14087520	2015-11-18	1938.60	A
USGS	14087520	2015-11-19	1938.74	A
USGS	14087520	2015-11-20	1938.72	A
USGS	14087520	2015-11-21	1938.47	A
USGS	14087520	2015-11-22	1938.50	A
USGS	14087520	2015-11-23	1938.56	A
USGS	14087520	2015-11-24	1938.68	A
USGS	14087520	2015-11-25	1938.56	A
USGS	14087520	2015-11-26	1938.49	A
USGS	14087520	2015-11-27	1938.40	A
USGS	14087520	2015-11-28	1938.53	A
USGS	14087520	2015-11-29		
USGS	14087520	2015-11-30	1938.56	A
USGS	14087520	2015-12-01	1938.58	A
USGS	14087520	2015-12-02	1938.74	A
USGS	14087520	2015-12-03	1938.82	A
USGS	14087520	2015-12-04	1938.67	A
USGS	14087520	2015-12-05	1938.72	A
USGS	14087520	2015-12-06	1938.84	A
USGS	14087520	2015-12-07	1939.13	A
USGS	14087520	2015-12-08	1939.61	A
USGS	14087520	2015-12-09	1939.94	A
USGS	14087520	2015-12-10	1940.01	A
USGS	14087520	2015-12-11	1940.00	A
USGS	14087520	2015-12-12	1940.10	A
USGS	14087520	2015-12-13	1940.35	A
USGS	14087520	2015-12-14	1940.46	A
USGS	14087520	2015-12-15	1940.59	A
USGS	14087520	2015-12-16	1940.69	A
USGS	14087520	2015-12-17	1940.97	A
USGS	14087520	2015-12-18	1941.21	A
USGS	14087520	2015-12-19	1941.04	A
USGS	14087520	2015-12-20	1941.24	A
USGS	14087520	2015-12-21	1941.39	A
USGS	14087520	2015-12-22	1941.34	A
USGS	14087520	2015-12-23	1941.31	A
USGS	14087520	2015-12-24	1941.26	A
USGS	14087520	2015-12-25	1941.26	A
USGS	14087520	2015-12-26	1941.00	A
USGS	14087520	2015-12-27	1940.89	A
USGS	14087520	2015-12-28	1940.86	A
USGS	14087520	2015-12-29	1940.72	A
USGS	14087520	2015-12-30	1940.58	A
USGS	14087520	2015-12-31	1940.54	A
USGS	14087520	2016-01-01	1940.36	A
USGS	14087520	2016-01-02	1940.27	A
USGS	14087520	2016-01-03	1940.55	A
USGS	14087520	2016-01-04	1940.56	A
USGS	14087520	2016-01-05	1940.50	A
USGS	14087520	2016-01-06	1940.43	A
USGS	14087520	2016-01-07	1940.49	A
USGS	14087520	2016-01-08	1940.45	A
USGS	14087520	2016-01-09	1940.46	A
USGS	14087520	2016-01-10	1940.56	A
USGS	14087520	2016-01-11	1940.53	A
USGS	14087520	2016-01-12	1940.58	A
USGS	14087520	2016-01-13	1940.79	A
USGS	14087520	2016-01-14	1940.80	A
USGS	14087520	2016-01-15	1940.64	A
USGS	14087520	2016-01-16	1940.87	A
USGS	14087520	2016-01-17	1941.00	A
USGS	14087520	2016-01-18	1940.91	A
USGS	14087520	2016-01-19	1941.23	A
USGS	14087520	2016-01-20	1941.19	A
USGS	14087520	2016-01-21	1941.08	A
USGS	14087520	2016-01-22	1941.00	A
USGS	14087520	2016-01-23	1941.05	A
USGS	14087520	2016-01-24	1941.01	A
USGS	14087520	2016-01-25	1940.89	A
USGS	14087520	2016-01-26	1941.03	A
USGS	14087520	2016-01-27	1940.89	A
USGS	14087520	2016-01-28	1941.00	A
USGS	14087520	2016-01-29	1940.86	A
USGS	14087520	2016-01-30	1940.99	A
USGS	14087520	2016-01-31	1940.96	A
USGS	14087520	2016-02-01	1941.16	A
USGS	14087520	2016-02-02	1941.01	A
USGS	14087520	2016-02-03	1941.03	A
USGS	14087520	2016-02-04	1940.99	A
USGS	14087520	2016-02-05	1940.86	A
USGS	14087520	2016-02-06	1940.88	A
USGS	14087520	2016-02-07	1940.92	A
USGS	14087520	2016-02-08	1940.86	A
USGS	14087520	2016-02-09	1941.07	A
USGS	14087520	2016-02-10	1940.96	A
USGS	14087520	2016-02-11	1940.86	A
USGS	14087520	2016-02-12	1940.99	A
USGS	14087520	2016-02-13	1940.79	A
USGS	14087520	2016-02-14	1941.07	A
USGS	14087520	2016-02-15	1941.35	A
USGS	14087520	2016-02-16	1941.32	A
USGS	14087520	2016-02-17	1941.49	A
USGS	14087520	2016-02-18	1941.52	A
USGS	14087520	2016-02-19	1941.64	A
USGS	14087520	2016-02-20	1941.56	A
USGS	14087520	2016-02-21	1941.68	A
USGS	14087520	2016-02-22	1941.56	A
USGS	14087520	2016-02-23	1941.36	A
USGS	14087520	2016-02-24	1941.30	A
USGS	14087520	2016-02-25	1941.32	A
USGS	14087520	2016-02-26	1941.09	A
USGS	14087520	2016-02-27	1941.32	A
USGS	14087520	2016-02-28	1941.30	A
USGS	14087520	2016-02-29	1941.04	A
USGS	14087520	2016-03-01	1941.32	A
USGS	14087520	2016-03-02	1941.02	A
USGS	14087520	2016-03-03	1941.37	A
USGS	14087520	2016-03-04	1941.38	A
USGS	14087520	2016-03-05	1941.44	A
USGS	14087520	2016-03-06	1941.63	A
USGS	14087520	2016-03-07	1941.85	A
USGS	14087520	2016-03-08	1941.96	A
USGS	14087520	2016-03-09	1942.50	A
USGS	14087520	2016-03-10	1942.59	A
USGS	14087520	2016-03-11	1942.65	A
USGS	14087520	2016-03-12	1942.76	A
USGS	14087520	2016-03-13	1942.72	A
USGS	14087520	2016-03-14	1942.90	A
USGS	14087520	2016-03-15	1942.96	A
USGS	14087520	2016-03-16	1942.87	A
USGS	14087520	2016-03-17	1943.04	A
USGS	14087520	2016-03-18	1943.02	A
USGS	14087520	2016-03-19	1943.04	A
USGS	14087520	2016-03-20	1943.05	A
USGS	14087520	2016-03-21	1943.05	A
USGS	14087520	2016-03-22	1943.12	A
USGS	14087520	2016-03-23	1943.19	A
USGS	14087520	2016-03-24	1943.38	A
USGS	14087520	2016-03-25	1943.36	A
USGS	14087520	2016-03-26	1943.26	A
USGS	14087520	2016-03-27	1943.32	A
USGS	14087520	2016-03-28	1943.07	A
USGS	14087520	2016-03-29	1943.09	A
USGS	14087520	2016-03-30	1943.25	A
USGS	14087520	2016-03-31	1943.37	A
USGS	14087520	2016-04-01	1943.49	A
USGS	14087520	2016-04-02	1943.49	A
USGS	14087520	2016-04-03	1943.56	A
USGS	14087520	2016-04-04	1943.55	A
USGS	14087520	2016-04-05	1943.67	A
USGS	14087520	2016-04-06	1943.70	A
USGS	14087520	2016-04-07	1943.96	A
USGS	14087520	2016-04-08	1944.10	A
USGS	14087520	2016-04-09	1944.19	A
USGS	14087520	2016-04-10	1944.28	A
USGS	14087520	2016-04-11	1944.26	A
USGS	14087520	2016-04-12	1943.99	A
USGS	14087520	2016-04-13	1944.03	A
USGS	14087520	2016-04-14	1944.22	A
USGS	14087520	2016-04-15	1944.28	A
USGS	14087520	2016-04-16	1944.13	A
USGS	14087520	2016-04-17	1944.09	A
USGS	14087520	2016-04-18	1944.00	A
USGS	14087520	2016-04-19	1944.14	A
USGS	14087520	2016-04-20	1944.31	A
USGS	14087520	2016-04-21	1944.34	A
USGS	14087520	2016-04-22	1944.44	A
USGS	14087520	2016-04-23	1944.64	A
USGS	14087520	2016-04-24	1944.78	A
USGS	14087520	2016-04-25	1944.82	A
USGS	14087520	2016-04-26	1944.57	A
USGS	14087520	2016-04-27	1944.38	A
USGS	14087520	2016-04-28	1944.68	A
USGS	14087520	2016-04-29	1944.39	A
USGS	14087520	2016-04-30	1944.33	A
USGS	14087520	2016-05-01	1944.58	A
USGS	14087520	2016-05-02	1944.65	A
USGS	14087520	2016-05-03	1944.64	A
USGS	14087520	2016-05-04	1944.50	A
USGS	14087520	2016-05-05	1944.49	A
USGS	14087520	2016-05-06	1944.56	A
USGS	14087520	2016-05-07	1944.50	A
USGS	14087520	2016-05-08	1944.65	A
USGS	14087520	2016-05-09	1944.56	A
USGS	14087520	2016-05-10	1944.52	A
USGS	14087520	2016-05-11	1944.48	A
USGS	14087520	2016-05-12	1944.55	A
USGS	14087520	2016-05-13	1944.65	A
USGS	14087520	2016-05-14	1944.61	A
USGS	14087520	2016-05-15	1944.64	A
USGS	14087520	2016-05-16	1944.64	A
USGS	14087520	2016-05-17	1944.47	A
USGS	14087520	2016-05-18	1944.77	A
USGS	14087520	2016-05-19	1944.71	A
USGS	14087520	2016-05-20	1944.80	A
USGS	14087520	2016-05-21	1944.84	A
USGS	14087520	2016-05-22	1944.71	A
USGS	14087520	2016-05-23	1944.62	A
USGS	14087520	2016-05-24	1944.83	A
USGS	14087520	2016-05-25	1944.77	A
USGS	14087520	2016-05-26	1944.50	A
USGS	14087520	2016-05-27	1944.48	A
USGS	14087520	2016-05-28	1944.36	A
USGS	14087520	2016-05-29	1944.40	A
USGS	14087520	2016-05-30	1944.52	A
USGS	14087520	2016-05-31	1944.50	A
USGS	14087520	2016-06-01	1944.44	A
USGS	14087520	2016-06-02	1944.44	A
USGS	14087520	2016-06-03	1944.60	A
USGS	14087520	2016-06-04	1944.55	A
USGS	14087520	2016-06-05	1944.62	A
USGS	14087520	2016-06-06	1944.68	A
USGS	14087520	2016-06-07	1944.69	A
USGS	14087520	2016-06-08	1944.48	A
USGS	14087520	2016-06-09	1944.38	A
USGS	14087520	2016-06-10	1944.29	A
USGS	14087520	2016-06-11	1944.36	A
USGS	14087520	2016-06-12	1944.34	A
USGS	14087520	2016-06-13	1944.54	A
USGS	14087520	2016-06-14	1944.52	A
USGS	14087520	2016-06-15	1944.53	A
USGS	14087520	2016-06-16	1944.56	A
USGS	14087520	2016-06-17	1944.58	A
USGS	14087520	2016-06-18	1944.75	A
USGS	14087520	2016-06-19	1944.58	A
USGS	14087520	2016-06-20	1944.58	A
USGS	14087520	2016-06-21	1944.61	A
USGS	14087520	2016-06-22	1944.59	A
USGS	14087520	2016-06-23	1944.43	A
USGS	14087520	2016-06-24	1944.42	A
USGS	14087520	2016-06-25	1944.46	A
USGS	14087520	2016-06-26	1944.47	A
USGS	14087520	2016-06-27	1944.54	A
USGS	14087520	2016-06-28	1944.49	A
USGS	14087520	2016-06-29	1944.55	A
USGS	14087520	2016-06-30	1944.55	A
USGS	14087520	2016-07-01	1944.47	A
USGS	14087520	2016-07-02	1944.59	A
USGS	14087520	2016-07-03	1944.50	A
USGS	14087520	2016-07-04	1944.52	A
USGS	14087520	2016-07-05	1944.72	A
USGS	14087520	2016-07-06	1944.64	A
USGS	14087520	2016-07-07	1944.59	A
USGS	14087520	2016-07-08	1944.59	A
USGS	14087520	2016-07-09	1944.68	A
USGS	14087520	2016-07-10	1944.63	A
USGS	14087520	2016-07-11	1944.57	A
USGS	14087520	2016-07-12	1944.75	A
USGS	14087520	2016-07-13	1944.59	A
USGS	14087520	2016-07-14	1944.69	A
USGS	14087520	2016-07-15	1944.56	A
USGS	14087520	2016-07-16	1944.44	A
USGS	14087520	2016-07-17	1944.51	A
USGS	14087520	2016-07-18	1944.63	A
USGS	14087520	2016-07-19	1944.60	A
USGS	14087520	2016-07-20	1944.61	A
USGS	14087520	2016-07-21	1944.68	A
USGS	14087520	2016-07-22	1944.72	A
USGS	14087520	2016-07-23	1944.63	A
USGS	14087520	2016-07-24	1944.66	A
USGS	14087520	2016-07-25	1944.64	A
USGS	14087520	2016-07-26	1944.66	A
USGS	14087520	2016-07-27	1944.83	A
USGS	14087520	2016-07-28	1944.74	A
USGS	14087520	2016-07-29	1944.63	A
USGS	14087520	2016-07-30	1944.59	A
USGS	14087520	2016-07-31	1944.65	A
USGS	14087520	2016-08-01	1944.62	A
USGS	14087520	2016-08-02	1944.60	A
USGS	14087520	2016-08-03	1944.64	A
USGS	14087520	2016-08-04	1944.59	A
USGS	14087520	2016-08-05	1944.69	A
USGS	14087520	2016-08-06	1944.63	A
USGS	14087520	2016-08-07	1944.68	A
USGS	14087520	2016-08-08	1944.66	A
USGS	14087520	2016-08-09	1944.54	A
USGS	14087520	2016-08-10	1944.57	A
USGS	14087520	2016-08-11	1944.52	A
USGS	14087520	2016-08-12	1944.50	A
USGS	14087520	2016-08-13	1944.49	A
USGS	14087520	2016-08-14	1944.61	A
USGS	14087520	2016-08-15	1944.66	A
USGS	14087520	2016-08-16	1944.66	A
USGS	14087520	2016-08-17	1944.59	A
USGS	14087520	2016-08-18	1944.58	A
USGS	14087520	2016-08-19	1944.62	A
USGS	14087520	2016-08-20	1944.63	A
USGS	14087520	2016-08-21	1944.54	A
USGS	14087520	2016-08-22	1944.63	A
USGS	14087520	2016-08-23	1944.53	A
USGS	14087520	2016-08-24	1944.53	A
USGS	14087520	2016-08-25	1944.63	A
USGS	14087520	2016-08-26	1944.61	A
USGS	14087520	2016-08-27	1944.67	A
USGS	14087520	2016-08-28	1944.64	A
USGS	14087520	2016-08-29	1944.67	A
USGS	14087520	2016-08-30	1944.67	A
USGS	14087520	2016-08-31	1944.65	A
USGS	14087520	2016-09-01	1944.65	A
USGS	14087520	2016-09-02	1944.60	A
USGS	14087520	2016-09-03	1944.58	A
USGS	14087520	2016-09-04	1944.67	A
USGS	14087520	2016-09-05	1944.69	A
USGS	14087520	2016-09-06	1944.70	A
USGS	14087520	2016-09-07	1944.75	A
USGS	14087520	2016-09-08	1944.74	A
USGS	14087520	2016-09-09	1944.64	A
USGS	14087520	2016-09-10	1944.55	A
USGS	14087520	2016-09-11	1944.51	A
USGS	14087520	2016-09-12	1944.45	A
USGS	14087520	2016-09-13	1944.49	A
USGS	14087520	2016-09-14	1944.50	A
USGS	14087520	2016-09-15	1944.40	A
USGS	14087520	2016-09-16	1944.33	A
USGS	14087520	2016-09-17	1944.40	A
USGS	14087520	2016-09-18	1944.31	A
USGS	14087520	2016-09-19	1944.24	A
USGS	14087520	2016-09-20	1944.20	A
USGS	14087520	2016-09-21	1944.21	A
USGS	14087520	2016-09-22	1944.27	A
USGS	14087520	2016-09-23	1944.16	A
USGS	14087520	2016-09-24	1944.06	A
USGS	14087520	2016-09-25	1944.06	A
USGS	14087520	2016-09-26	1943.97	A
USGS	14087520	2016-09-27	1944.11	A
USGS	14087520	2016-09-28	1944.19	A
USGS	14087520	2016-09-29	1944.10	A
USGS	14087520	2016-09-30	1944.19	A
USGS	14087520	2016-10-01	1944.04	A
USGS	14087520	2016-10-02	1944.26	A
USGS	14087520	2016-10-03	1944.26	A
USGS	14087520	2016-10-04	1944.19	A
USGS	14087520	2016-10-05	1944.19	A
USGS	14087520	2016-10-06	1944.21	A
USGS	14087520	2016-10-07	1944.20	A
USGS	14087520	2016-10-08	1944.27	A
USGS	14087520	2016-10-09	1944.12	A
USGS	14087520	2016-10-10	1944.06	A
USGS	14087520	2016-10-11	1944.22	A
USGS	14087520	2016-10-12	1943.94	A
USGS	14087520	2016-10-13	1944.00	A
USGS	14087520	2016-10-14	1944.19	A
USGS	14087520	2016-10-15	1944.03	A
USGS	14087520	2016-10-16	1943.97	A
USGS	14087520	2016-10-17	1943.96	A
USGS	14087520	2016-10-18	1944.02	A
USGS	14087520	2016-10-19	1943.75	A
USGS	14087520	2016-10-20	1943.67	A
USGS	14087520	2016-10-21	1943.76	A
USGS	14087520	2016-10-22	1943.51	A
USGS	14087520	2016-10-23	1943.54	A
USGS	14087520	2016-10-24	1943.59	A
USGS	14087520	2016-10-25	1943.34	A
USGS	14087520	2016-10-26	1943.27	A
USGS	14087520	2016-10-27	1943.31	A
USGS	14087520	2016-10-28	1943.14	A
USGS	14087520	2016-10-29	1943.24	A
USGS	14087520	2016-10-30	1943.12	A
USGS	14087520	2016-10-31	1942.98	A
USGS	14087520	2016-11-01	1942.90	A
USGS	14087520	2016-11-02	1943.07	A
USGS	14087520	2016-11-03	1943.28	A
USGS	14087520	2016-11-04	1943.53	A
USGS	14087520	2016-11-05	1943.74	A
USGS	14087520	2016-11-06	1943.92	A
USGS	14087520	2016-11-07	1944.09	A
USGS	14087520	2016-11-08		
USGS	14087520	2016-11-09	1944.26	A
USGS	14087520	2016-11-10	1944.12	A
USGS	14087520	2016-11-11	1944.14	A
USGS	14087520	2016-11-12	1944.05	A
USGS	14087520	2016-11-13	1943.97	A
USGS	14087520	2016-11-14	1943.87	A
USGS	14087520	2016-11-15	1944.09	A
USGS	14087520	2016-11-16	1943.97	A
USGS	14087520	2016-11-17	1943.87	A
USGS	14087520	2016-11-18	1943.93	A
USGS	14087520	2016-11-19	1943.67	A
USGS	14087520	2016-11-20	1943.79	A
USGS	14087520	2016-11-21	1943.76	A
USGS	14087520	2016-11-22	1943.66	A
USGS	14087520	2016-11-23	1943.56	A
USGS	14087520	2016-11-24	1943.51	A
USGS	14087520	2016-11-25	1943.49	A
USGS	14087520	2016-11-26	1943.27	A
USGS	14087520	2016-11-27	1943.41	A
USGS	14087520	2016-11-28	1943.31	A
USGS	14087520	2016-11-29	1943.05	A
USGS	14087520	2016-11-30	1943.21	A
USGS	14087520	2016-12-01	1943.26	A
USGS	14087520	2016-12-02	1943.23	A
USGS	14087520	2016-12-03	1943.18	A
USGS	14087520	2016-12-04	1943.27	A
USGS	14087520	2016-12-05	1943.09	A
USGS	14087520	2016-12-06	1943.25	A
USGS	14087520	2016-12-07	1943.15	A
USGS	14087520	2016-12-08	1943.11	A
USGS	14087520	2016-12-09	1943.17	A
USGS	14087520	2016-12-10	1943.04	A
USGS	14087520	2016-12-11	1942.99	A
USGS	14087520	2016-12-12	1942.90	A
USGS	14087520	2016-12-13	1942.68	A
USGS	14087520	2016-12-14	1942.81	A
USGS	14087520	2016-12-15	1942.49	A
USGS	14087520	2016-12-16	1942.57	A
USGS	14087520	2016-12-17	1942.48	A
USGS	14087520	2016-12-18	1942.34	A
USGS	14087520	2016-12-19	1942.22	A
USGS	14087520	2016-12-20	1942.20	A
USGS	14087520	2016-12-21	1942.19	A
USGS	14087520	2016-12-22	1942.38	A
USGS	14087520	2016-12-23	1942.21	A
USGS	14087520	2016-12-24	1942.24	A
USGS	14087520	2016-12-25	1942.13	A
USGS	14087520	2016-12-26	1942.12	A
USGS	14087520	2016-12-27	1942.26	A
USGS	14087520	2016-12-28	1942.21	A
USGS	14087520	2016-12-29	1942.18	A
USGS	14087520	2016-12-30	1942.02	A
USGS	14087520	2016-12-31	1941.99	A
USGS	14087520	2017-01-01	1942.32	A
USGS	14087520	2017-01-02	1942.23	A
USGS	14087520	2017-01-03	1942.34	A
USGS	14087520	2017-01-04		
USGS	14087520	2017-01-05		
USGS	14087520	2017-01-06		
USGS	14087520	2017-01-07		
USGS	14087520	2017-01-08	1941.92	A
USGS	14087520	2017-01-09	1941.94	A
USGS	14087520	2017-01-10	1941.96	A
USGS	14087520	2017-01-11	1941.83	A
USGS	14087520	2017-01-12	1941.65	A
USGS	14087520	2017-01-13	1941.46	A
USGS	14087520	2017-01-14		
USGS	14087520	2017-01-15		
USGS	14087520	2017-01-16		
USGS	14087520	2017-01-17	1941.10	A
USGS	14087520	2017-01-18	1940.97	A
USGS	14087520	2017-01-19	1940.95	A
USGS	14087520	2017-01-20	1940.69	A
USGS	14087520	2017-01-21	1940.74	A
USGS	14087520	2017-01-22	1940.42	A
USGS	14087520	2017-01-23	1940.22	A
USGS	14087520	2017-01-24	1939.95	A
USGS	14087520	2017-01-25	1939.79	A
USGS	14087520	2017-01-26	1939.63	A
USGS	14087520	2017-01-27	1939.56	A
USGS	14087520	2017-01-28	1939.54	A
USGS	14087520	2017-01-29	1939.70	A
USGS	14087520	2017-01-30	1939.72	A
USGS	14087520	2017-01-31	1939.71	A
USGS	14087520	2017-02-01	1939.65	A
USGS	14087520	2017-02-02	1939.71	A
USGS	14087520	2017-02-03	1939.71	A
USGS	14087520	2017-02-04	1939.92	A
USGS	14087520	2017-02-05	1940.05	A
USGS	14087520	2017-02-06	1940.04	A
USGS	14087520	2017-02-07	1940.05	A
USGS	14087520	2017-02-08	1939.94	A
USGS	14087520	2017-02-09	1940.33	A
USGS	14087520	2017-02-10	1940.79	A
USGS	14087520	2017-02-11	1940.57	A
USGS	14087520	2017-02-12	1940.36	A
USGS	14087520	2017-02-13	1940.14	A
USGS	14087520	2017-02-14	1939.86	A
USGS	14087520	2017-02-15	1939.78	A
USGS	14087520	2017-02-16	1939.94	A
USGS	14087520	2017-02-17	1939.67	A
USGS	14087520	2017-02-18	1939.68	A
USGS	14087520	2017-02-19	1939.70	A
USGS	14087520	2017-02-20	1939.64	A
USGS	14087520	2017-02-21	1939.76	A
USGS	14087520	2017-02-22	1939.69	A
USGS	14087520	2017-02-23	1939.53	A
USGS	14087520	2017-02-24	1939.52	A
USGS	14087520	2017-02-25	1939.36	A
USGS	14087520	2017-02-26	1939.20	A
USGS	14087520	2017-02-27	1939.28	A
USGS	14087520	2017-02-28	1939.26	A
USGS	14087520	2017-03-01	1939.56	A
USGS	14087520	2017-03-02	1939.70	A
USGS	14087520	2017-03-03	1939.40	A
USGS	14087520	2017-03-04	1939.43	A
USGS	14087520	2017-03-05	1939.56	A
USGS	14087520	2017-03-06	1939.69	A
USGS	14087520	2017-03-07	1939.86	A
USGS	14087520	2017-03-08	1940.01	A
USGS	14087520	2017-03-09	1940.24	A
USGS	14087520	2017-03-10		
USGS	14087520	2017-03-11		
USGS	14087520	2017-03-12		
USGS	14087520	2017-03-13		
USGS	14087520	2017-03-14		
USGS	14087520	2017-03-15	1941.99	A
USGS	14087520	2017-03-16	1942.24	A
USGS	14087520	2017-03-17	1942.20	A
USGS	14087520	2017-03-18	1942.31	A
USGS	14087520	2017-03-19	1942.46	A
USGS	14087520	2017-03-20	1942.58	A
USGS	14087520	2017-03-21	1942.53	A
USGS	14087520	2017-03-22	1942.53	A
USGS	14087520	2017-03-23	1941.95	A
USGS	14087520	2017-03-24	1941.81	A
USGS	14087520	2017-03-25	1941.74	A
USGS	14087520	2017-03-26	1941.69	A
USGS	14087520	2017-03-27	1941.90	A
USGS	14087520	2017-03-28	1941.79	A
USGS	14087520	2017-03-29	1942.01	A
USGS	14087520	2017-03-30	1942.03	A
USGS	14087520	2017-03-31	1942.32	A
USGS	14087520	2017-04-01	1942.35	A
USGS	14087520	2017-04-02	1942.40	A
USGS	14087520	2017-04-03	1942.35	A
USGS	14087520	2017-04-04	1942.50	A
USGS	14087520	2017-04-05	1942.75	A
USGS	14087520	2017-04-06	1942.81	A
USGS	14087520	2017-04-07	1942.94	A
USGS	14087520	2017-04-08	1943.02	A
USGS	14087520	2017-04-09	1943.12	A
USGS	14087520	2017-04-10	1943.15	A
USGS	14087520	2017-04-11	1943.57	A
USGS	14087520	2017-04-12	1943.56	A
USGS	14087520	2017-04-13	1943.68	A
USGS	14087520	2017-04-14	1943.72	A
USGS	14087520	2017-04-15	1943.86	A
USGS	14087520	2017-04-16	1943.87	A
USGS	14087520	2017-04-17	1944.05	A
USGS	14087520	2017-04-18	1944.25	A
USGS	14087520	2017-04-19	1944.46	A
USGS	14087520	2017-04-20	1944.54	A
USGS	14087520	2017-04-21	1944.55	A
USGS	14087520	2017-04-22	1944.68	A
USGS	14087520	2017-04-23	1944.60	A
USGS	14087520	2017-04-24	1944.67	A
USGS	14087520	2017-04-25	1944.57	A
USGS	14087520	2017-04-26	1944.58	A
USGS	14087520	2017-04-27	1944.45	A
USGS	14087520	2017-04-28	1944.29	A
USGS	14087520	2017-04-29	1944.35	A
USGS	14087520	2017-04-30	1944.38	A
USGS	14087520	2017-05-01	1944.65	A
USGS	14087520	2017-05-02	1944.53	A
USGS	14087520	2017-05-03	1944.61	A
USGS	14087520	2017-05-04	1944.68	A
USGS	14087520	2017-05-05	1944.68	A
USGS	14087520	2017-05-06	1944.47	A
USGS	14087520	2017-05-07	1944.39	A
USGS	14087520	2017-05-08	1944.25	A
USGS	14087520	2017-05-09	1944.39	A
USGS	14087520	2017-05-10	1944.56	A
USGS	14087520	2017-05-11	1944.67	A
USGS	14087520	2017-05-12	1944.52	A
USGS	14087520	2017-05-13	1944.72	A
USGS	14087520	2017-05-14	1944.65	A
USGS	14087520	2017-05-15	1944.59	A
USGS	14087520	2017-05-16	1944.65	A
USGS	14087520	2017-05-17	1944.69	A
USGS	14087520	2017-05-18	1944.66	A
USGS	14087520	2017-05-19	1944.69	A
USGS	14087520	2017-05-20	1944.71	A
USGS	14087520	2017-05-21	1944.75	A
USGS	14087520	2017-05-22	1944.80	A
USGS	14087520	2017-05-23	1944.88	A
USGS	14087520	2017-05-24	1944.86	A
USGS	14087520	2017-05-25	1944.79	A
USGS	14087520	2017-05-26	1944.85	A
USGS	14087520	2017-05-27	1944.82	A
USGS	14087520	2017-05-28	1944.81	A
USGS	14087520	2017-05-29	1944.92	A
USGS	14087520	2017-05-30	1944.82	A
USGS	14087520	2017-05-31	1944.95	A
USGS	14087520	2017-06-01	1944.85	A
USGS	14087520	2017-06-02	1944.70	A
USGS	14087520	2017-06-03	1944.75	A
USGS	14087520	2017-06-04	1944.60	A
USGS	14087520	2017-06-05	1944.82	A
USGS	14087520	2017-06-06	1944.73	A
USGS	14087520	2017-06-07	1944.60	A
USGS	14087520	2017-06-08	1944.67	A
USGS	14087520	2017-06-09	1944.70	A
USGS	14087520	2017-06-10	1944.58	A
USGS	14087520	2017-06-11	1944.67	A
USGS	14087520	2017-06-12	1944.59	A
USGS	14087520	2017-06-13	1944.57	A
USGS	14087520	2017-06-14	1944.51	A
USGS	14087520	2017-06-15	1944.44	A
USGS	14087520	2017-06-16	1944.85	A
USGS	14087520	2017-06-17	1944.66	A
USGS	14087520	2017-06-18	1944.61	A
USGS	14087520	2017-06-19	1944.79	A
USGS	14087520	2017-06-20	1944.85	A
USGS	14087520	2017-06-21	1944.82	A
USGS	14087520	2017-06-22	1944.63	A
USGS	14087520	2017-06-23	1944.52	A
USGS	14087520	2017-06-24	1944.48	A
USGS	14087520	2017-06-25	1944.46	A
USGS	14087520	2017-06-26	1944.59	A
USGS	14087520	2017-06-27		
USGS	14087520	2017-06-28	1944.50	A
USGS	14087520	2017-06-29	1944.55	A
USGS	14087520	2017-06-30	1944.50	A
USGS	14087520	2017-07-01	1944.59	A
USGS	14087520	2017-07-02	1944.66	A
USGS	14087520	2017-07-03	1944.63	A
USGS	14087520	2017-07-04	1944.67	A
USGS	14087520	2017-07-05	1944.74	A
USGS	14087520	2017-07-06	1944.68	A
USGS	14087520	2017-07-07	1944.74	A
USGS	14087520	2017-07-08	1944.50	A
USGS	14087520	2017-07-09	1944.67	A
USGS	14087520	2017-07-10	1944.58	A
USGS	14087520	2017-07-11	1944.61	A
USGS	14087520	2017-07-12	1944.42	A
USGS	14087520	2017-07-13	1944.51	A
USGS	14087520	2017-07-14	1944.50	A
USGS	14087520	2017-07-15	1944.53	A
USGS	14087520	2017-07-16	1944.55	A
USGS	14087520	2017-07-17	1944.50	A
USGS	14087520	2017-07-18	1944.71	A
USGS	14087520	2017-07-19	1944.60	A
USGS	14087520	2017-07-20	1944.52	A
USGS	14087520	2017-07-21	1944.40	A
USGS	14087520	2017-07-22	1944.45	A
USGS	14087520	2017-07-23	1944.64	A
USGS	14087520	2017-07-24	1944.58	A
USGS	14087520	2017-07-25	1944.56	A
USGS	14087520	2017-07-26	1944.65	A
USGS	14087520	2017-07-27	1944.68	A
USGS	14087520	2017-07-28	1944.57	A
USGS	14087520	2017-07-29	1944.49	A
USGS	14087520	2017-07-30	1944.58	A
USGS	14087520	2017-07-31	1944.59	A
USGS	14087520	2017-08-01	1944.54	A
USGS	14087520	2017-08-02	1944.63	A
USGS	14087520	2017-08-03	1944.56	A
USGS	14087520	2017-08-04	1944.40	A
USGS	14087520	2017-08-05	1944.41	A
USGS	14087520	2017-08-06	1944.44	A
USGS	14087520	2017-08-07	1944.41	A
USGS	14087520	2017-08-08	1944.53	A
USGS	14087520	2017-08-09	1944.35	A
USGS	14087520	2017-08-10	1944.45	A
USGS	14087520	2017-08-11	1944.59	A
USGS	14087520	2017-08-12	1944.69	A
USGS	14087520	2017-08-13	1944.82	A
USGS	14087520	2017-08-14	1944.63	A
USGS	14087520	2017-08-15	1944.62	A
USGS	14087520	2017-08-16	1944.45	A
USGS	14087520	2017-08-17	1944.56	A
USGS	14087520	2017-08-18	1944.54	A
USGS	14087520	2017-08-19	1944.65	A
USGS	14087520	2017-08-20	1944.54	A
USGS	14087520	2017-08-21	1944.65	A
USGS	14087520	2017-08-22	1944.52	A
USGS	14087520	2017-08-23	1944.62	A
USGS	14087520	2017-08-24	1944.48	A
USGS	14087520	2017-08-25	1944.40	A
USGS	14087520	2017-08-26	1944.43	A
USGS	14087520	2017-08-27	1944.40	A
USGS	14087520	2017-08-28	1944.44	A
USGS	14087520	2017-08-29	1944.55	A
USGS	14087520	2017-08-30	1944.44	A
USGS	14087520	2017-08-31	1944.48	A
USGS	14087520	2017-09-01	1944.55	A
USGS	14087520	2017-09-02	1944.60	A
USGS	14087520	2017-09-03	1944.59	A
USGS	14087520	2017-09-04	1944.69	A
USGS	14087520	2017-09-05	1944.56	A
USGS	14087520	2017-09-06	1944.67	A
USGS	14087520	2017-09-07	1944.64	A
USGS	14087520	2017-09-08	1944.73	A
USGS	14087520	2017-09-09	1944.88	A
USGS	14087520	2017-09-10	1944.62	A
USGS	14087520	2017-09-11	1944.52	A
USGS	14087520	2017-09-12	1944.76	A
USGS	14087520	2017-09-13	1944.71	A
USGS	14087520	2017-09-14	1944.57	A
USGS	14087520	2017-09-15	1944.49	A
USGS	14087520	2017-09-16	1944.49	A
USGS	14087520	2017-09-17	1944.53	A
USGS	14087520	2017-09-18	1944.71	A
USGS	14087520	2017-09-19	1944.32	A
USGS	14087520	2017-09-20	1944.79	A
USGS	14087520	2017-09-21	1944.54	A
USGS	14087520	2017-09-22	1944.57	A
USGS	14087520	2017-09-23	1944.49	A
USGS	14087520	2017-09-24	1944.56	A
USGS	14087520	2017-09-25	1944.62	A
USGS	14087520	2017-09-26	1944.62	A
USGS	14087520	2017-09-27	1944.69	A
USGS	14087520	2017-09-28	1944.81	A
USGS	14087520	2017-09-29	1944.69	A
USGS	14087520	2017-09-30	1944.67	A
USGS	14087520	2017-10-01	1944.63	A
USGS	14087520	2017-10-02	1944.60	A
USGS	14087520	2017-10-03	1944.74	A
USGS	14087520	2017-10-04	1944.50	A
USGS	14087520	2017-10-05	1944.50	A
USGS	14087520	2017-10-06	1944.56	A
USGS	14087520	2017-10-07	1944.47	A
USGS	14087520	2017-10-08	1944.46	A
USGS	14087520	2017-10-09	1944.51	A
USGS	14087520	2017-10-10	1944.50	A
USGS	14087520	2017-10-11	1944.48	A
USGS	14087520	2017-10-12	1944.61	A
USGS	14087520	2017-10-13	1944.48	A
USGS	14087520	2017-10-14	1944.58	A
USGS	14087520	2017-10-15	1944.73	A
USGS	14087520	2017-10-16	1944.70	A
USGS	14087520	2017-10-17	1944.50	A
USGS	14087520	2017-10-18	1944.66	A
USGS	14087520	2017-10-19	1944.46	A
USGS	14087520	2017-10-20	1944.63	A
USGS	14087520	2017-10-21	1944.53	A
USGS	14087520	2017-10-22	1944.95	A
USGS	14087520	2017-10-23	1944.88	A
USGS	14087520	2017-10-24	1944.54	A
USGS	14087520	2017-10-25	1944.60	A
USGS	14087520	2017-10-26	1944.69	A
USGS	14087520	2017-10-27	1944.67	A
USGS	14087520	2017-10-28	1944.57	A
USGS	14087520	2017-10-29	1944.62	A
USGS	14087520	2017-10-30	1944.44	A
USGS	14087520	2017-10-31	1944.65	A
USGS	14087520	2017-11-01	1944.59	A
USGS	14087520	2017-11-02	1944.57	A
USGS	14087520	2017-11-03	1944.50	A
USGS	14087520	2017-11-04	1944.50	A
USGS	14087520	2017-11-05	1944.62	A
USGS	14087520	2017-11-06	1944.68	A
USGS	14087520	2017-11-07	1944.64	A
USGS	14087520	2017-11-08	1944.62	A
USGS	14087520	2017-11-09	1944.58	A
USGS	14087520	2017-11-10	1944.63	A
USGS	14087520	2017-11-11	1944.68	A
USGS	14087520	2017-11-12	1944.59	A
USGS	14087520	2017-11-13	1944.60	A
USGS	14087520	2017-11-14	1944.59	A
USGS	14087520	2017-11-15	1944.50	A
USGS	14087520	2017-11-16	1944.68	A
USGS	14087520	2017-11-17	1944.44	A
USGS	14087520	2017-11-18	1944.38	A
USGS	14087520	2017-11-19	1944.39	A
USGS	14087520	2017-11-20	1944.46	A
USGS	14087520	2017-11-21	1944.61	A
USGS	14087520	2017-11-22	1944.62	A
USGS	14087520	2017-11-23	1944.87	A
USGS	14087520	2017-11-24	1944.67	A
USGS	14087520	2017-11-25	1944.57	A
USGS	14087520	2017-11-26	1944.70	A
USGS	14087520	2017-11-27	1944.53	A
USGS	14087520	2017-11-28	1944.48	A
USGS	14087520	2017-11-29	1944.33	A
USGS	14087520	2017-11-30	1944.43	A
USGS	14087520	2017-12-01	1944.23	A
USGS	14087520	2017-12-02	1944.22	A
USGS	14087520	2017-12-03	1944.05	A
USGS	14087520	2017-12-04	1943.88	A
USGS	14087520	2017-12-05	1943.86	A
USGS	14087520	2017-12-06	1943.70	A
USGS	14087520	2017-12-07	1943.77	A
USGS	14087520	2017-12-08	1943.49	A
USGS	14087520	2017-12-09	1943.37	A
USGS	14087520	2017-12-10	1943.22	A
USGS	14087520	2017-12-11	1943.28	A
USGS	14087520	2017-12-12	1943.02	A
USGS	14087520	2017-12-13	1943.27	A
USGS	14087520	2017-12-14	1943.19	A
USGS	14087520	2017-12-15	1943.04	A
USGS	14087520	2017-12-16	1942.93	A
USGS	14087520	2017-12-17	1942.91	A
USGS	14087520	2017-12-18	1942.55	A
USGS	14087520	2017-12-19	1942.71	A
USGS	14087520	2017-12-20	1942.51	A
USGS	14087520	2017-12-21	1942.46	A
USGS	14087520	2017-12-22	1942.31	A
USGS	14087520	2017-12-23	1941.94	A
USGS	14087520	2017-12-24	1942.16	A
USGS	14087520	2017-12-25	1941.94	A
USGS	14087520	2017-12-26	1941.75	A
USGS	14087520	2017-12-27	1941.57	A
USGS	14087520	2017-12-28	1941.60	A
USGS	14087520	2017-12-29	1941.58	A
USGS	14087520	2017-12-30	1941.42	A
USGS	14087520	2017-12-31	1941.32	A
USGS	14087520	2018-01-01	1941.37	A
